Matris :
   13   -9   10  -11  -14
    6  -11    1   -9    7
   15   11   -4    2    7
   15    9    6  -11   -7
    4   -6    5   11    6

 Ara matrisler 
        44        77       -55       -75      -182
       -80       -45        26       211       -49
       259      -324       224      -217      -133
       146      -225        34      -190       -70
       280       148       110       -35      -104

     -1644     -1431      -623     -2464     -1029
      2049      3694        72     -1523      -784
       996      2542      -597      1439     -3605
     -2072       245      -391      1807     -2471
      5237     -2629      1778     -4951     -2493

    -80379      7682    -35308     45502     19712
     23900    -67286     10838    -47512      3633
     26410     -8912      5499    -90512    -32032
    -14110     42741    -20424    -27253       511
     -5260    -28257       458     -3352    -59576

   -767077    541767   -283304    460725    731682
   -628594    194858   -138545    926945   -375354
  -1113465   -701585   -470040    443976     47761
   -640095   -816168   -177626     35097    547596
   -519636    690493   -400681   -305375   -454945

  -1133356  -2415655    426973   5975863  13713336
   3322010  12584542  -1852002  -9441567    453768
 -18884471  16277398  -7053414  13263935   4565869
 -13165794   9815114  -3558052  19668794   5044669
 -15022930  -7344895  -7010118  -2945073   8711543

 121668326  12971863  88964751 120173960  42395185
 -48895081-276396785  -1167912 -44658307  97433217
 -36412444   5301508 -41940701 -48552955 263498151
 149575168 118138452  35625491-111493771 120707006
-353849153  60114002-103646446 345558825 182720698


Son matris : 
 121668326  12971863  88964751 120173960  42395185
 -48895081-276396785  -1167912 -44658307  97433217
 -36412444   5301508 -41940701 -48552955 263498151
 149575168 118138452  35625491-111493771 120707006
-353849153  60114002-103646446 345558825 182720698
Nilpotent degildir.